RUN_2/QR.txt:14:Time: 5.7199999999999225
RUN_0/QR.txt:14:Time: 6.419999999999908
RUN_1/QR.txt:14:Time: 7.199999999999891
